%YAML:1.0
# Input-output configuration
input: [848, 800]
output: [282.66666667, 266.666666667]

# Camera calibration parameter
K1: !!opencv-matrix
   rows: 3
   cols: 3
   dt: d
   data: [ 95.242604574, 0.0, 138.232930501,
           0.0, 95.255737305, 135.223734538, 
           0.0, 0.0, 1.0 ]
D1: !!opencv-matrix
   rows: 1
   cols: 4
   dt: d
   data: [ -0.00759695982560515, 0.0468390397727489, -0.0436895191669464, 0.00806778576225042 ]
K2: !!opencv-matrix
   rows: 3
   cols: 3
   dt: d
   data: [ 95.064768473, 0.0, 138.619232178,
           0.0, 95.030466715, 134.500528971, 
           0.0, 0.0, 1.0 ]
D2: !!opencv-matrix
   rows: 1
   cols: 4
   dt: d
   data: [-0.00481273513287306, 0.0396431498229504, -0.0368566811084747, 0.00591867882758379]
R: !!opencv-matrix
   rows: 3
   cols: 3
   dt: d
   data: [0.999975,-0.00321442, -0.00631769,
         0.00322045, 0.999994, 0.000945303,
         0.00631461, -0.000965625, 0.99998 ]
T: [ -0.0643780156970024, 0.000170402970979922, -0.000189287995453924 ]
